structure(list(classifierLimits = structure(c(1113, 548, 1791, 
729, 786), .Names = c("sdClose-VS", "sdDiff-VS", "sdClose-US", 
"sdDiff-US", "sdDiff-RS")), trainClassLabels = c(1, 2, 2, 1, 
4, 4, 4, 2, 2, 4, 2, 1, 2, 2, 2, 2, 1, 2, 2, 2, 2, 2, 2, 1, 1, 
2, 2, 2, 2, 2, 1, 4, 2, 2, 2, 1, 2, 1, 4, 4, 2, 4, 1, 2, 2, 2, 
2, 2, 2, 4, 4, 2, 2, 1, 4, 2, 2, 2, 2, 2, 4, 2, 2, 2, 2, 2, 2, 
1, 1, 1, 4, 1, 2, 2, 2, 2, 4, 2, 1, 2, 2, 2, 2, 1, 2, 1, 2, 4, 
2, 4, 4, 1, 2, 1, 2, 1, 1, 4, 4, 4, 1, 4, 2, 2, 1, 2, 1, 1, 4, 
2, 2, 2, 1, 4, 1, 2, 2, 2, 2, 2, 1, 2, 2, 1, 2, 4, 2, 2, 2, 2, 
4, 2, 4, 2, 2, 4, 4, 2, 1, 2, 2, 2, 4, 1, 1, 2, 2, 4, 1, 2, 2, 
1, 1, 1, 2, 1, 2, 2, 2, 4, 4, 2, 4, 2, 2, 2, 2, 2, 2, 2, 2, 2, 
1, 1, 4, 2, 1, 2, 2, 2, 2, 2, 2, 2, 1, 2, 2, 2, 2, 4, 2, 2, 2, 
2, 2, 2, 1, 4, 2, 4, 2, 2, 2, 1, 2, 1, 1, 2, 4, 2, 4, 4, 1, 2, 
2, 2, 4, 4, 1, 1, 4, 1, 4, 4, 2, 4, 1, 1, 2, 1, 2, 2, 1, 2, 2, 
2, 2, 2, 1, 2, 4, 4, 4, 4, 4, 2, 2, 2, 4, 1, 4, 4, 1, 2, 4, 2, 
1, 1, 4, 1, 1, 2, 2, 4, 1, 2, 2, 2, 2, 1, 2, 2, 4, 2, 2, 2, 2, 
2, 2, 4, 2, 2, 1, 2, 2, 2, 2, 2, 1, 2, 4, 4, 4, 2, 2, 2, 2, 2, 
2, 1, 2, 2, 1, 4, 1, 2, 2, 2, 2, 4, 2, 4, 1, 2, 2, 2, 2, 4, 1, 
2, 1, 4, 4, 1, 2, 2, 4, 2, 2, 4, 2, 2, 2, 2, 1, 4, 4, 2, 4, 2, 
2, 2, 2, 1, 2, 2, 2, 4, 2, 4, 1, 4, 2, 2, 2, 1, 4, 4, 2, 2, 1, 
4, 2, 2, 2, 2, 4, 2, 4, 2, 1, 2, 2, 2, 2, 2, 2, 4, 2, 2, 2, 2, 
1, 2, 2, 1, 1, 4, 2, 2, 4, 2, 4, 1, 2, 2, 2, 4, 4, 1, 2, 4, 4, 
4, 4, 2, 2, 2, 1, 1, 4, 2, 1, 2, 2, 2, 1, 2, 2, 2, 4, 1, 4, 4, 
1, 1, 2, 2, 2, 4, 2, 2, 2, 4, 4, 1, 2, 4, 2, 1, 4, 1, 4, 4, 2, 
2, 2, 2, 4, 1, 4, 1, 2, 1, 2, 1, 2, 2, 2, 2, 2, 4, 2, 4, 4, 2, 
1, 2, 2, 4, 4), testClassLabels = c(4, 2, 2, 4, 2, 1, 2, 2, 2, 
2, 2, 2, 2, 2, 2, 4, 1, 2, 2, 2, 4, 2, 2, 4, 1, 4, 4, 2, 2, 2, 
4, 4, 2, 2, 4, 4, 2, 1, 2, 2, 2, 4, 1, 4, 2, 2, 2, 4, 1, 2, 2, 
4, 2, 1, 1, 4, 2, 4, 4, 2, 1, 2, 2, 2, 2, 2, 2, 1, 1, 1, 2, 1, 
2, 2, 2, 2, 1, 2, 1, 2, 4, 1, 2, 2, 2, 1, 4, 2, 2, 2, 2, 1, 4, 
1, 2, 2, 1, 2, 2, 2, 2, 2, 4, 2, 1, 2, 2, 1, 2, 2, 2, 2, 1, 4, 
4, 2, 2, 2, 2, 2, 1, 2, 2, 4, 1, 2, 2, 2, 2, 2, 4, 2, 2, 2, 2, 
2, 2, 2, 4, 2, 2, 4, 4, 4, 2, 2, 2, 2, 4, 2, 2, 4, 4, 4, 4, 2, 
2, 2, 2, 2, 2, 2, 2, 2, 2, 2, 2, 2, 2, 2, 2, 2, 4, 1, 1, 2, 2, 
2, 2, 2, 2, 4, 2, 2, 2, 2, 2, 2, 2, 1, 4, 2, 2, 2, 2, 2, 2, 2, 
2, 2, 4, 2, 2, 1, 2, 4, 4, 2, 2, 2, 2, 2, 1, 2, 2, 2, 1, 1, 2, 
2, 4, 1, 4, 2, 2, 2, 1, 1, 2, 4, 2, 2, 4, 2, 2, 2, 2, 2, 1, 2, 
4, 2, 2, 2, 2, 2, 2, 2, 2, 1, 2, 4, 1, 2, 2, 2, 4, 1, 2, 4, 4, 
2, 2, 2, 1, 2, 2, 2, 2, 1, 2, 1, 2, 2, 2, 2, 2, 2, 2, 4, 2, 2, 
4, 2, 2, 2, 2, 2, 1, 1, 4, 4, 2, 2, 2, 2, 2, 2, 2, 2, 2, 2, 2, 
2, 4, 2, 4, 2, 2, 2, 2, 2, 1, 2, 4, 2, 1, 2, 2, 2, 4, 4, 2, 1, 
2, 2, 4, 2, 2, 4, 2, 2, 1, 2, 4, 2, 2, 2, 2, 2, 2, 2, 4, 2, 2, 
1, 2, 2, 2, 4, 4, 2, 2, 4, 2, 2, 4, 4, 2, 2, 4, 2, 2, 2, 2, 2, 
2, 4, 4, 2, 2, 2, 2, 2, 2, 2, 2, 2, 2, 4, 2, 2, 4, 2, 2, 4, 4, 
2, 2, 2, 2, 2, 4, 1, 1, 2, 2, 1, 4, 1, 2, 4, 1, 2, 4, 2, 1, 1, 
2, 2, 4, 2, 2, 4, 2, 2, 4, 2, 4, 2, 1, 2, 2, 2, 4, 2, 2, 2, 2, 
4, 2, 2, 2, 2, 1, 1, 2, 2, 2, 4, 1, 2, 1, 2, 2, 2, 2, 2, 2, 2, 
2, 4, 2, 1, 2, 4, 2, 2, 2, 2, 2, 1, 2, 4, 2, 2, 1, 2, 1, 2, 4
)), .Names = c("classifierLimits", "trainClassLabels", "testClassLabels"
))
